 7.18
19.07
15.80
 9.22
16.43
16.52
17.51
15.46
 9.19
13.06
10.27
13.65
17.44
11.17
18.06
17.37
 9.60
12.50
11.31
12.64
20.20
294.13
492.73
381.30
185.59
19.96
17.72
20.53
15.93
202.83
431.96
590.84
383.04
32.75
16.71
18.62
11.07
361.52
694.52
498.07
238.27
83.65
11.61
14.10
17.47
135.91
380.08
563.04
445.56
145.38
26.94
29.23
18.85
338.63
659.81
607.47
514.48
239.68
94.82
95.60
10.97
187.36
437.65
565.43
645.11
340.87
63.84
69.77
13.64
315.46
647.58
485.88
263.23
116.01
239.64
241.53
 8.16
11.07
10.38
 7.41
12.48
14.22
13.36
 9.36
 8.41
13.13
12.91
10.84
12.43
13.21
 9.14
 6.64
16.16
25.31
13.37
 7.74
13.30
13.49
 9.79
 8.06
11.02
12.08
10.57
13.22
14.91
12.65
14.70
13.66
11.00
12.84
17.75
16.79
13.05
11.31
 9.72
11.90
 7.93
11.64
20.96
15.79
12.94
11.20
10.81
18.11
18.38
18.22
11.76
 6.14
11.92
12.50
14.64
11.72
 5.52
10.48
16.61
11.65
12.41
14.89
12.24
17.21
16.34
12.39
12.04
13.53
14.77
11.48
 8.89
11.46
16.30
14.95
10.25
 8.31
13.43
15.76
106.50
262.87
276.83
233.16
124.77
10.70
13.15
15.53
109.39
457.91
712.29
680.51
325.88
10.03
12.73
17.57
19.49
177.54
287.56
241.57
135.73
16.71
11.03
11.67
11.67
291.82
616.66
684.04
367.61
19.37
10.47
13.30
12.97
297.89
530.16
407.77
176.95
19.46
18.71
 8.00
15.14
19.62
18.73
19.58
13.18
13.93
15.08
11.80
 9.45
 8.13
 7.44
 9.72
10.13
 9.78
12.80
10.46
11.52
14.27
18.16
17.40
10.00
12.14
15.06
15.20
18.24
15.55
 9.68
 9.30
11.19
14.48
17.99
12.91
14.41
18.44
10.95
 8.31
11.34
10.72
10.25
11.44
10.01
 7.56
51.11
53.57
15.95
23.62
21.93
15.12
15.06
14.56
 9.88
18.90
21.84
 9.67
 8.27
 8.80
 9.21
14.01
 9.62
 7.63
10.42
16.79
16.97
 8.39
 5.55
 8.84
16.38
16.09
11.65
 7.97
 8.61
10.11
 8.17
11.64
12.44
11.47
16.23
16.80
14.60
11.75
17.02
18.15
11.17
11.19
13.32
12.57
10.05
11.37
22.08
20.05
 8.09
 6.22
 8.27
13.88
13.83
10.85
 8.53
10.39
19.72
20.90
15.86
22.30
18.26
10.82
16.75
