OKOK 9.08
 6.53
 4.75
 4.61
 3.96
 5.51
 6.79
 6.79
 7.29
 6.70
 6.58
 4.88
 3.92
10.14
11.10
10.43
 9.90
 6.70
 7.69
 7.11
 4.69
 4.08
 6.63
10.19
10.36
 8.34
 6.37
 5.37
 7.07
 9.67
10.04
 8.46
 8.30
 5.00
11.68
14.72
 8.18
 9.08
 7.23
 4.61
 9.13
13.08
11.65
12.83
12.18
 9.52
 6.61
 4.58
 6.00
 8.34
13.87
11.03
177.41
364.51
280.23
178.18
213.32
273.08
300.15
312.23
323.55
317.06
290.04
261.17
270.30
295.00
151.27
10.52
15.67
10.90
 8.18
12.56
11.32
 8.99
18.26
17.44
11.59
 8.29
 3.62
10.41
 9.13
10.43
14.13
29.95
188.27
255.64
183.22
196.99
179.16
147.14
211.15
249.32
183.70
195.90
280.11
313.37
327.83
208.47
45.51
 7.80
 3.79
 7.32
 7.11
 4.99
 6.27
 6.70
 5.90
 6.67
14.65
16.88
 9.61
 6.12
11.90
13.48
13.27
185.45
303.73
243.34
190.16
223.04
278.96
202.02
194.89
267.44
279.72
237.64
185.48
184.65
238.86
143.52
 9.07
 7.86
 6.92
 5.84
 6.31
 5.42
 4.00
 5.34
12.47
11.32
 6.82
 4.83
 3.71
 5.24
 7.26
 9.41
64.95
246.07
356.88
248.27
217.99
221.38
230.76
248.24
223.69
276.51
252.41
252.60
302.08
271.41
143.24
26.22
 7.32
 6.11
 4.61
10.26
10.21
 4.81
 6.30
10.10
 8.04
 3.35
 3.92
 8.98
12.24
 8.92
 6.70
 8.77
121.15
294.62
331.06
253.83
199.26
209.36
236.58
209.19
231.42
225.72
201.44
283.68
305.82
217.14
77.87
 8.96
 6.31
 7.07
 5.55
 3.74
 4.56
 4.27
 6.68
 6.32
 4.14
 5.15
 3.35
 2.34
 6.15
 6.04
 8.35
61.16
187.10
259.31
281.73
311.29
286.51
259.70
276.84
259.32
202.16
207.92
223.09
108.14
 9.86
11.36
 6.67
13.84
14.04
 7.89
 9.05
 9.88
16.53
12.51
 6.24
 9.96
 6.80
11.34
15.10
11.84
12.72
10.78
10.41
10.62
 8.80
 8.67
 8.91
 8.11
17.59
18.57
11.40
13.58
10.61
11.11
15.75
10.98
 7.48
 8.31
 5.69
 4.41
 5.37
 5.63
 8.65
 9.34
 4.11
 5.58
 7.92
 8.30
 8.77
 5.85
 5.53
 5.22
 6.26
 7.26
 6.11
 7.08
 8.56
 6.59
 3.37
 3.08
 3.45
 5.81
 8.86
10.24
10.91
10.23
13.37
12.57
10.53
10.84
 7.32
 9.51
 8.89
 8.49
15.21
15.40
 8.36
 6.36
 6.18
10.79
11.69
 4.83
